20000002
20000003
20010001
20010003
20010005
20010006
20010007
20010008
20010009
20010011
20020101
20020102
20020103
20020104
20020105
20020106
20020107
20020108
20020109
20020110
20020111
20020115
20020112
20020113
20020114
20020116
20020117
20020118
20020119
20020120
20020121
20020122
20030001
20030002
20030003
20030004
20030005
20030006
20030007
20030008
20030011
20030012
20030013
20040004
20040201
20040202
20040203
20040204
20040205
20040206
20040207
20040208
20040209
20040210
20040211
20040212
20040213
20040214
20040215
20040216
20040217
20040218
20040219
20040220
20040221
20040222
20040223
20040301
20040302
20040303
20040304
20040305
20040320
20090001
20090002
20090003
20010004
20050001
